referrer,views_total,views_unique
Google,4904,1421
github.com,4659,404
monai.io,1045,234
docs.monai.io,729,142
cn.bing.com,154,51
paperswithcode.com,151,32
Bing,141,47
DuckDuckGo,101,26
search.brave.com,80,10
ecosia.org,42,9
