referrer,views_total,views_unique
Google,5915,1470
monai.io,1681,454
github.com,1209,256
docs.monai.io,1092,289
Bing,388,102
chatgpt.com,229,68
paperswithcode.com,106,19
notebooks.githubusercontent.com,103,29
cn.bing.com,96,26
link.csdn.net,92,20
